t (°C)
-180
-160
-140
-120
-100
-80
-60
-40
-20
0
20
40
60
80
100
120
140
160
    
180
200
250
300
350
400
450
500
600
700
800
900
1000

ρ (
    kg/m³)
3.8515
3.1258
2.6391
2.2867
2.0186
1.8073
1.6364
1.4952
1.3765
1.2754
1.1881
1.1120
1.0452
0
    .9859
0.9329
0.8854
0.8425
0.8036
0.7681
0.7356
0.6653
0.6072
0.5585
0.5170
0.4813
0.4502
0.3968
0
    .3577
0.3243
0.2967
0.2734

cp (kJ/(kg*K))
1.071
1.036
1.021
1.014
1.011
1.009
1.007
1.006
1.006
1
    .006
1.007
1.008
1.009
1.010
1.012
1.014
1.017
1.020
1.023
1.026
1.035
1.046
1.057
1.069
1.081
1
    .093
1.116
1.137
1.155
1.171
1.185

10³ * β (
    1/K)
11.071
9.320
7.758
6.659
5.846
5.219
4.719
4.304
3.962
3.671
3.419
3.200
3.007
2.836
2.684
2
    .547
2.423
2.311
2.209
2.115
1.912
1.745
1.605
1.485
1.383
1.293
1.145
1.027
0.932
0.852
0.786

    
10³ * λ (W/(m*K))
9.00
10.70
12.70
14.60
16.40
18.16
19.83
21.45
23.01
24.54
26.03
27.49
28.94
30
    .38
31.81
33.22
34.66
36.07
37.49
38.91
42.43
45.91
49.31
52.57
55.64
58.48
63.50
67.80
71.30
74
    .30
76.80

10⁶ * μ (Pa*s)
6.44
7.58
9.20
10.49
11.76
12.89
14.02
15.09
16.15
17.10
17.98
18.81
19
    .73
20.73
21.60
22.43
23.19
24.01
24.91
25.70
27.40
29.20
30.90
32.55
34.00
35.50
38.30
40.87
43
    .32
45.65
47.88

10⁶ * ν (m²/s)
1.67
2.51
3.48
4.587
5.806
7.132
8.567
10.09
11.73
13.41
15.13
16
    .92
18.88
21.30
23.15
25.33
27.53
29.88
32.43
34.94
41.18
48.09
55.33
62.95
70.64
78.86
96.08
114
    .3
133.6
153.9
175.1

Pr
0.77
0.75
0.74
0.73
0.72
0.72
0.71
0.71
0.71
0.70
0.70
0.69
0.69
0.69
    
0.69
0.68
0.68
0.68
0.68
0.68
0.67
0.67
0.66
0.66
0.66
0.66
0.67
0.69
0.70
0.72
0.74